#P_AB   P_AC     delta*    P_AB    P_AC     delta
0.71375 0.746128 0.113316 0.71375 0.782605 0.196431

0.713927 0.745989 0.113195 0.713927 0.782535 0.196224

0.714104 0.74585 0.113075 0.714104 0.782466 0.196016

0.714281 0.74571 0.112955 0.714281 0.782396 0.195809

0.714459 0.745571 0.112836 0.714459 0.782326 0.195602

0.714636 0.745431 0.112716 0.714636 0.782257 0.195395

0.714813 0.745291 0.112596 0.714813 0.782187 0.195188

0.71499 0.745151 0.112477 0.71499 0.782117 0.194981

0.715167 0.745011 0.112357 0.715167 0.782046 0.194774

0.715344 0.74487 0.112238 0.715344 0.781976 0.194568

0.715521 0.74473 0.112119 0.715521 0.781906 0.194361

0.715699 0.744589 0.112 0.715699 0.781835 0.194155

0.715876 0.744448 0.111881 0.715876 0.781765 0.193948

0.716053 0.744306 0.111762 0.716053 0.781694 0.193742

0.71623 0.744165 0.111644 0.71623 0.781623 0.193536

0.716407 0.744023 0.111525 0.716407 0.781553 0.19333

0.716584 0.743881 0.111406 0.716584 0.781482 0.193124

0.716761 0.743739 0.111288 0.716761 0.781411 0.192918

0.716939 0.743597 0.11117 0.716939 0.78134 0.192713

0.717116 0.743455 0.111052 0.717116 0.781268 0.192507

0.717293 0.743312 0.110934 0.717293 0.781197 0.192302

0.71747 0.743169 0.110816 0.71747 0.781125 0.192096

0.717647 0.743026 0.110698 0.717647 0.781054 0.191891

0.717824 0.742883 0.11058 0.717824 0.780982 0.191686

0.718001 0.742739 0.110463 0.718001 0.780911 0.191481

0.718179 0.742596 0.110345 0.718179 0.780839 0.191276

0.718356 0.742452 0.110228 0.718356 0.780767 0.191071

0.718533 0.742308 0.11011 0.718533 0.780695 0.190866

0.71871 0.742163 0.109993 0.71871 0.780623 0.190662

0.718887 0.742019 0.109876 0.718887 0.78055 0.190457

0.719064 0.741874 0.109759 0.719064 0.780478 0.190253

0.719241 0.741729 0.109642 0.719241 0.780406 0.190048

0.719419 0.741584 0.109526 0.719419 0.780333 0.189844

0.719596 0.741439 0.109409 0.719596 0.78026 0.18964

0.719773 0.741293 0.109292 0.719773 0.780188 0.189436

0.71995 0.741148 0.109176 0.71995 0.780115 0.189232

0.720127 0.741002 0.10906 0.720127 0.780042 0.189028

0.720304 0.740856 0.108944 0.720304 0.779969 0.188825

0.720481 0.740709 0.108827 0.720481 0.779896 0.188621

0.720658 0.740563 0.108711 0.720658 0.779822 0.188417

0.720836 0.740416 0.108596 0.720836 0.779749 0.188214

0.721013 0.740269 0.10848 0.721013 0.779675 0.188011

0.72119 0.740122 0.108364 0.72119 0.779602 0.187807

0.721367 0.739974 0.108249 0.721367 0.779528 0.187604

0.721544 0.739827 0.108133 0.721544 0.779454 0.187401

0.721721 0.739679 0.108018 0.721721 0.779381 0.187198

0.721898 0.739531 0.107903 0.721898 0.779307 0.186995

0.722076 0.739383 0.107787 0.722076 0.779232 0.186793

0.722253 0.739234 0.107672 0.722253 0.779158 0.18659

0.72243 0.739086 0.107557 0.72243 0.779084 0.186388

0.722607 0.738937 0.107443 0.722607 0.779009 0.186185

0.722784 0.738788 0.107328 0.722784 0.778935 0.185983

0.722961 0.738639 0.107213 0.722961 0.77886 0.185781

0.723138 0.738489 0.107099 0.723138 0.778786 0.185578

0.723316 0.73834 0.106984 0.723316 0.778711 0.185376

0.723493 0.73819 0.10687 0.723493 0.778636 0.185174

0.72367 0.73804 0.106756 0.72367 0.778561 0.184972

0.723847 0.737889 0.106642 0.723847 0.778486 0.184771

0.724024 0.737739 0.106528 0.724024 0.77841 0.184569

0.724201 0.737588 0.106414 0.724201 0.778335 0.184367

0.724378 0.737437 0.1063 0.724378 0.778259 0.184166

0.724556 0.737286 0.106187 0.724556 0.778184 0.183965

0.724733 0.737134 0.106073 0.724733 0.778108 0.183763

0.72491 0.736983 0.10596 0.72491 0.778032 0.183562

0.725087 0.736831 0.105846 0.725087 0.777956 0.183361

0.725264 0.736679 0.105733 0.725264 0.77788 0.18316

0.725441 0.736527 0.10562 0.725441 0.777804 0.182959

0.725618 0.736374 0.105507 0.725618 0.777728 0.182758

0.725796 0.736221 0.105394 0.725796 0.777652 0.182557

0.725973 0.736068 0.105281 0.725973 0.777575 0.182357

0.72615 0.735915 0.105168 0.72615 0.777499 0.182156

0.726327 0.735762 0.105056 0.726327 0.777422 0.181956

0.726504 0.735608 0.104943 0.726504 0.777345 0.181755

0.726681 0.735455 0.104831 0.726681 0.777268 0.181555

0.726858 0.735301 0.104718 0.726858 0.777191 0.181355

0.727036 0.735146 0.104606 0.727036 0.777114 0.181155

0.727213 0.734992 0.104494 0.727213 0.777037 0.180955

0.72739 0.734837 0.104382 0.72739 0.77696 0.180755

0.727567 0.734682 0.10427 0.727567 0.776882 0.180555

0.727744 0.734527 0.104158 0.727744 0.776805 0.180355

0.727921 0.734372 0.104046 0.727921 0.776727 0.180156

0.728098 0.734216 0.103935 0.728098 0.776649 0.179956

0.728276 0.73406 0.103823 0.728276 0.776571 0.179757

0.728453 0.733904 0.103712 0.728453 0.776493 0.179557

0.72863 0.733748 0.1036 0.72863 0.776415 0.179358

0.728807 0.733592 0.103489 0.728807 0.776337 0.179159

0.728984 0.733435 0.103378 0.728984 0.776258 0.17896

0.729161 0.733278 0.103267 0.729161 0.77618 0.178761

0.729338 0.733121 0.103156 0.729338 0.776101 0.178562

0.729516 0.732963 0.103045 0.729516 0.776023 0.178363

0.729693 0.732806 0.102934 0.729693 0.775944 0.178164

0.72987 0.732648 0.102824 0.72987 0.775865 0.177966

0.730047 0.73249 0.102713 0.730047 0.775786 0.177767

0.730224 0.732332 0.102603 0.730224 0.775707 0.177569

0.730401 0.732173 0.102492 0.730401 0.775627 0.17737

0.730578 0.732014 0.102382 0.730578 0.775548 0.177172

0.730756 0.731855 0.102272 0.730756 0.775469 0.176974

0.730933 0.731696 0.102162 0.730933 0.775389 0.176775

0.73111 0.731537 0.102052 0.73111 0.775309 0.176577

0.731287 0.731377 0.101942 0.731287 0.775229 0.176379

0.731464 0.731217 0.101832 0.731464 0.775149 0.176181

0.731641 0.731057 0.101723 0.731641 0.775069 0.175984

0.731818 0.730896 0.101613 0.731818 0.774989 0.175786

0.731996 0.730736 0.101504 0.731996 0.774909 0.175588

0.732173 0.730575 0.101394 0.732173 0.774828 0.175391

0.73235 0.730414 0.101285 0.73235 0.774748 0.175193

0.732527 0.730252 0.101176 0.732527 0.774667 0.174996

0.732704 0.730091 0.101067 0.732704 0.774586 0.174799

0.732881 0.729929 0.100958 0.732881 0.774506 0.174601

0.733058 0.729767 0.100849 0.733058 0.774425 0.174404

0.733235 0.729605 0.10074 0.733235 0.774343 0.174207

0.733413 0.729442 0.100631 0.733413 0.774262 0.17401

0.73359 0.72928 0.100523 0.73359 0.774181 0.173813

0.733767 0.729117 0.100414 0.733767 0.774099 0.173616

0.733944 0.728953 0.100306 0.733944 0.774018 0.17342

0.734121 0.72879 0.100197 0.734121 0.773936 0.173223

0.734298 0.728626 0.100089 0.734298 0.773854 0.173027

0.734475 0.728462 0.099981 0.734475 0.773772 0.17283

0.734653 0.728298 0.0998729 0.734653 0.77369 0.172634

0.73483 0.728134 0.099765 0.73483 0.773608 0.172437

0.735007 0.727969 0.0996571 0.735007 0.773525 0.172241

0.735184 0.727804 0.0995494 0.735184 0.773443 0.172045

0.735361 0.727639 0.0994417 0.735361 0.77336 0.171849

0.735538 0.727473 0.0993341 0.735538 0.773278 0.171653

0.735715 0.727308 0.0992267 0.735715 0.773195 0.171457

0.735893 0.727142 0.0991193 0.735893 0.773112 0.171261

0.73607 0.726976 0.099012 0.73607 0.773029 0.171065

0.736247 0.726809 0.0989048 0.736247 0.772946 0.170869

0.736424 0.726643 0.0987977 0.736424 0.772862 0.170674

0.736601 0.726476 0.0986907 0.736601 0.772779 0.170478

0.736778 0.726309 0.0985838 0.736778 0.772695 0.170283

0.736955 0.726141 0.0984769 0.736955 0.772612 0.170087

0.737133 0.725973 0.0983702 0.737133 0.772528 0.169892

0.73731 0.725806 0.0982636 0.73731 0.772444 0.169697

0.737487 0.725637 0.098157 0.737487 0.77236 0.169502

0.737664 0.725469 0.0980506 0.737664 0.772276 0.169307

0.737841 0.7253 0.0979442 0.737841 0.772191 0.169112

0.738018 0.725132 0.0978379 0.738018 0.772107 0.168917

0.738195 0.724962 0.0977317 0.738195 0.772022 0.168722

0.738373 0.724793 0.0976256 0.738373 0.771937 0.168527

0.73855 0.724623 0.0975196 0.73855 0.771853 0.168332

0.738727 0.724453 0.0974137 0.738727 0.771768 0.168138

0.738904 0.724283 0.0973079 0.738904 0.771683 0.167943

0.739081 0.724113 0.0972022 0.739081 0.771597 0.167749

0.739258 0.723942 0.0970966 0.739258 0.771512 0.167554

0.739435 0.723771 0.096991 0.739435 0.771427 0.16736

0.739613 0.7236 0.0968856 0.739613 0.771341 0.167166

0.73979 0.723429 0.0967802 0.73979 0.771255 0.166971

0.739967 0.723257 0.0966749 0.739967 0.771169 0.166777

0.740144 0.723085 0.0965698 0.740144 0.771083 0.166583

0.740321 0.722913 0.0964647 0.740321 0.770997 0.166389

0.740498 0.72274 0.0963597 0.740498 0.770911 0.166195

0.740675 0.722567 0.0962548 0.740675 0.770825 0.166002

0.740853 0.722394 0.0961499 0.740853 0.770738 0.165808

0.74103 0.722221 0.0960452 0.74103 0.770652 0.165614

0.741207 0.722048 0.0959406 0.741207 0.770565 0.16542

0.741384 0.721874 0.095836 0.741384 0.770478 0.165227

0.741561 0.7217 0.0957315 0.741561 0.770391 0.165033

0.741738 0.721525 0.0956272 0.741738 0.770304 0.16484

0.741915 0.721351 0.0955229 0.741915 0.770216 0.164647

0.742093 0.721176 0.0954187 0.742093 0.770129 0.164453

0.74227 0.721001 0.0953146 0.74227 0.770041 0.16426

0.742447 0.720826 0.0952105 0.742447 0.769954 0.164067

0.742624 0.72065 0.0951066 0.742624 0.769866 0.163874

0.742801 0.720474 0.0950028 0.742801 0.769778 0.163681

0.742978 0.720298 0.094899 0.742978 0.76969 0.163488

0.743155 0.720121 0.0947953 0.743155 0.769602 0.163295

0.743333 0.719945 0.0946917 0.743333 0.769513 0.163102

0.74351 0.719768 0.0945882 0.74351 0.769425 0.16291

0.743687 0.71959 0.0944848 0.743687 0.769336 0.162717

0.743864 0.719413 0.0943815 0.743864 0.769247 0.162524

0.744041 0.719235 0.0942783 0.744041 0.769158 0.162332

0.744218 0.719057 0.0941751 0.744218 0.769069 0.162139

0.744395 0.718878 0.0940721 0.744395 0.76898 0.161947

0.744573 0.7187 0.0939691 0.744573 0.768891 0.161754

0.74475 0.718521 0.0938662 0.74475 0.768801 0.161562

0.744927 0.718342 0.0937634 0.744927 0.768712 0.16137

0.745104 0.718162 0.0936607 0.745104 0.768622 0.161178

0.745281 0.717982 0.0935581 0.745281 0.768532 0.160986

0.745458 0.717802 0.0934555 0.745458 0.768442 0.160794

0.745635 0.717622 0.0933531 0.745635 0.768352 0.160602

0.745812 0.717442 0.0932507 0.745812 0.768262 0.16041

0.74599 0.717261 0.0931484 0.74599 0.768171 0.160218

0.746167 0.71708 0.0930462 0.746167 0.768081 0.160026

0.746344 0.716898 0.0929441 0.746344 0.76799 0.159835

0.746521 0.716716 0.0928421 0.746521 0.767899 0.159643

0.746698 0.716534 0.0927402 0.746698 0.767808 0.159451

0.746875 0.716352 0.0926383 0.746875 0.767717 0.15926

0.747052 0.71617 0.0925365 0.747052 0.767626 0.159068

0.74723 0.715987 0.0924348 0.74723 0.767534 0.158877

0.747407 0.715804 0.0923332 0.747407 0.767443 0.158686

0.747584 0.71562 0.0922317 0.747584 0.767351 0.158494

0.747761 0.715436 0.0921303 0.747761 0.767259 0.158303

0.747938 0.715252 0.0920289 0.747938 0.767167 0.158112

0.748115 0.715068 0.0919277 0.748115 0.767075 0.157921

0.748292 0.714884 0.0918265 0.748292 0.766983 0.15773

0.74847 0.714699 0.0917254 0.74847 0.76689 0.157539

0.748647 0.714513 0.0916244 0.748647 0.766798 0.157348

0.748824 0.714328 0.0915235 0.748824 0.766705 0.157157

0.749001 0.714142 0.0914226 0.749001 0.766612 0.156966

0.749178 0.713956 0.0913219 0.749178 0.766519 0.156775

0.749355 0.71377 0.0912212 0.749355 0.766426 0.156585

0.749532 0.713583 0.0911206 0.749532 0.766333 0.156394

0.74971 0.713396 0.0910201 0.74971 0.766239 0.156203

0.749887 0.713209 0.0909196 0.749887 0.766146 0.156013

0.750064 0.713022 0.0908193 0.750064 0.766052 0.155822

0.750241 0.712834 0.090719 0.750241 0.765958 0.155632

0.750418 0.712646 0.0906188 0.750418 0.765864 0.155442

0.750595 0.712457 0.0905187 0.750595 0.76577 0.155251

0.750772 0.712269 0.0904187 0.750772 0.765675 0.155061

0.75095 0.71208 0.0903188 0.75095 0.765581 0.154871

0.751127 0.71189 0.0902189 0.751127 0.765486 0.154681

0.751304 0.711701 0.0901192 0.751304 0.765391 0.154491

0.751481 0.711511 0.0900195 0.751481 0.765296 0.154301

0.751658 0.71132 0.0899199 0.751658 0.765201 0.154111

0.751835 0.71113 0.0898204 0.751835 0.765106 0.153921

0.752012 0.710939 0.0897209 0.752012 0.76501 0.153731

0.75219 0.710748 0.0896215 0.75219 0.764915 0.153541

0.752367 0.710556 0.0895223 0.752367 0.764819 0.153351

0.752544 0.710365 0.0894231 0.752544 0.764723 0.153162

0.752721 0.710173 0.0893239 0.752721 0.764627 0.152972

0.752898 0.70998 0.0892249 0.752898 0.764531 0.152782

0.753075 0.709787 0.0891259 0.753075 0.764435 0.152593

0.753252 0.709594 0.0890271 0.753252 0.764338 0.152403

0.75343 0.709401 0.0889283 0.75343 0.764242 0.152214

0.753607 0.709207 0.0888296 0.753607 0.764145 0.152024

0.753784 0.709014 0.0887309 0.753784 0.764048 0.151835

0.753961 0.708819 0.0886324 0.753961 0.763951 0.151645

0.754138 0.708625 0.0885339 0.754138 0.763853 0.151456

0.754315 0.70843 0.0884355 0.754315 0.763756 0.151267

0.754492 0.708235 0.0883372 0.754492 0.763658 0.151078

0.75467 0.708039 0.0882389 0.75467 0.76356 0.150889

0.754847 0.707843 0.0881408 0.754847 0.763463 0.1507

0.755024 0.707647 0.0880427 0.755024 0.763364 0.150511

0.755201 0.70745 0.0879447 0.755201 0.763266 0.150322

0.755378 0.707254 0.0878468 0.755378 0.763168 0.150133

0.755555 0.707056 0.0877489 0.755555 0.763069 0.149944

0.755732 0.706859 0.0876512 0.755732 0.76297 0.149755

0.75591 0.706661 0.0875535 0.75591 0.762872 0.149566

0.756087 0.706463 0.0874559 0.756087 0.762772 0.149377

0.756264 0.706265 0.0873584 0.756264 0.762673 0.149188

0.756441 0.706066 0.0872609 0.756441 0.762574 0.149

0.756618 0.705867 0.0871635 0.756618 0.762474 0.148811

0.756795 0.705667 0.0870662 0.756795 0.762375 0.148623

0.756972 0.705467 0.086969 0.756972 0.762275 0.148434

0.75715 0.705267 0.0868719 0.75715 0.762175 0.148246

0.757327 0.705067 0.0867748 0.757327 0.762074 0.148057

0.757504 0.704866 0.0866779 0.757504 0.761974 0.147869

0.757681 0.704665 0.086581 0.757681 0.761873 0.14768

0.757858 0.704464 0.0864841 0.757858 0.761773 0.147492

0.758035 0.704262 0.0863874 0.758035 0.761672 0.147304

0.758212 0.70406 0.0862907 0.758212 0.761571 0.147115

0.758389 0.703857 0.0861941 0.758389 0.76147 0.146927

0.758567 0.703654 0.0860976 0.758567 0.761368 0.146739

0.758744 0.703451 0.0860012 0.758744 0.761267 0.146551

0.758921 0.703248 0.0859048 0.758921 0.761165 0.146363

0.759098 0.703044 0.0858085 0.759098 0.761063 0.146175

0.759275 0.70284 0.0857123 0.759275 0.760961 0.145987

0.759452 0.702635 0.0856162 0.759452 0.760859 0.145799

0.759629 0.70243 0.0855201 0.759629 0.760756 0.145611

0.759807 0.702225 0.0854242 0.759807 0.760654 0.145423

0.759984 0.70202 0.0853282 0.759984 0.760551 0.145235

0.760161 0.701814 0.0852324 0.760161 0.760448 0.145047

0.760338 0.701607 0.0851367 0.760338 0.760345 0.144859

0.760515 0.701401 0.085041 0.760515 0.760241 0.144671

0.760692 0.701194 0.0849454 0.760692 0.760138 0.144484

0.760869 0.700986 0.0848499 0.760869 0.760034 0.144296

0.761047 0.700779 0.0847544 0.761047 0.75993 0.144108

0.761224 0.700571 0.0846591 0.761224 0.759826 0.143921

0.761401 0.700362 0.0845638 0.761401 0.759722 0.143733

0.761578 0.700154 0.0844685 0.761578 0.759618 0.143546

0.761755 0.699944 0.0843734 0.761755 0.759513 0.143358

0.761932 0.699735 0.0842783 0.761932 0.759408 0.14317

0.762109 0.699525 0.0841833 0.762109 0.759304 0.142983

0.762287 0.699315 0.0840884 0.762287 0.759198 0.142796

0.762464 0.699104 0.0839935 0.762464 0.759093 0.142608

0.762641 0.698893 0.0838988 0.762641 0.758988 0.142421

0.762818 0.698682 0.0838041 0.762818 0.758882 0.142233

0.762995 0.698471 0.0837094 0.762995 0.758776 0.142046

0.763172 0.698259 0.0836149 0.763172 0.75867 0.141859

0.763349 0.698046 0.0835204 0.763349 0.758564 0.141672

0.763527 0.697833 0.083426 0.763527 0.758458 0.141484

0.763704 0.69762 0.0833317 0.763704 0.758351 0.141297

0.763881 0.697407 0.0832374 0.763881 0.758244 0.14111

0.764058 0.697193 0.0831432 0.764058 0.758137 0.140923

0.764235 0.696979 0.0830491 0.764235 0.75803 0.140736

0.764412 0.696764 0.0829551 0.764412 0.757923 0.140549

0.764589 0.696549 0.0828611 0.764589 0.757815 0.140362

0.764767 0.696333 0.0827672 0.764767 0.757708 0.140175

0.764944 0.696118 0.0826734 0.764944 0.7576 0.139988

0.765121 0.695902 0.0825797 0.765121 0.757492 0.139801

0.765298 0.695685 0.082486 0.765298 0.757383 0.139614

0.765475 0.695468 0.0823924 0.765475 0.757275 0.139427

0.765652 0.695251 0.0822989 0.765652 0.757166 0.13924

0.765829 0.695033 0.0822054 0.765829 0.757057 0.139053

0.766007 0.694815 0.0821121 0.766007 0.756948 0.138866

0.766184 0.694596 0.0820187 0.766184 0.756839 0.138679

0.766361 0.694378 0.0819255 0.766361 0.75673 0.138492

0.766538 0.694158 0.0818323 0.766538 0.75662 0.138306

0.766715 0.693939 0.0817393 0.766715 0.75651 0.138119

0.766892 0.693719 0.0816462 0.766892 0.7564 0.137932

0.767069 0.693498 0.0815533 0.767069 0.75629 0.137745

0.767247 0.693277 0.0814604 0.767247 0.75618 0.137559

0.767424 0.693056 0.0813676 0.767424 0.756069 0.137372

0.767601 0.692834 0.0812749 0.767601 0.755958 0.137185

0.767778 0.692612 0.0811822 0.767778 0.755847 0.136999

0.767955 0.69239 0.0810896 0.767955 0.755736 0.136812

0.768132 0.692167 0.0809971 0.768132 0.755624 0.136625

0.768309 0.691944 0.0809047 0.768309 0.755513 0.136439

0.768487 0.69172 0.0808123 0.768487 0.755401 0.136252

0.768664 0.691496 0.08072 0.768664 0.755289 0.136066

0.768841 0.691271 0.0806277 0.768841 0.755177 0.135879

0.769018 0.691046 0.0805356 0.769018 0.755064 0.135693

0.769195 0.690821 0.0804435 0.769195 0.754952 0.135506

0.769372 0.690595 0.0803515 0.769372 0.754839 0.13532

0.769549 0.690369 0.0802595 0.769549 0.754726 0.135133

0.769727 0.690143 0.0801676 0.769727 0.754612 0.134947

0.769904 0.689916 0.0800758 0.769904 0.754499 0.13476

0.770081 0.689688 0.0799841 0.770081 0.754385 0.134574

0.770258 0.68946 0.0798924 0.770258 0.754271 0.134387

0.770435 0.689232 0.0798008 0.770435 0.754157 0.134201

0.770612 0.689004 0.0797093 0.770612 0.754043 0.134014

0.770789 0.688774 0.0796178 0.770789 0.753928 0.133828

0.770966 0.688545 0.0795264 0.770966 0.753813 0.133642

0.771144 0.688315 0.0794351 0.771144 0.753698 0.133455

0.771321 0.688084 0.0793438 0.771321 0.753583 0.133269

0.771498 0.687854 0.0792526 0.771498 0.753468 0.133082

0.771675 0.687622 0.0791615 0.771675 0.753352 0.132896

0.771852 0.687391 0.0790705 0.771852 0.753236 0.13271

0.772029 0.687159 0.0789795 0.772029 0.75312 0.132523

0.772206 0.686926 0.0788886 0.772206 0.753004 0.132337

0.772384 0.686693 0.0787977 0.772384 0.752887 0.132151

0.772561 0.686459 0.078707 0.772561 0.752771 0.131964

0.772738 0.686226 0.0786162 0.772738 0.752654 0.131778

0.772915 0.685991 0.0785256 0.772915 0.752537 0.131592

0.773092 0.685756 0.078435 0.773092 0.752419 0.131406

0.773269 0.685521 0.0783445 0.773269 0.752302 0.131219

0.773446 0.685285 0.0782541 0.773446 0.752184 0.131033

0.773624 0.685049 0.0781637 0.773624 0.752066 0.130847

0.773801 0.684813 0.0780735 0.773801 0.751947 0.13066

0.773978 0.684576 0.0779832 0.773978 0.751829 0.130474

0.774155 0.684338 0.0778931 0.774155 0.75171 0.130288

0.774332 0.6841 0.077803 0.774332 0.751591 0.130101

0.774509 0.683862 0.0777129 0.774509 0.751472 0.129915

0.774686 0.683623 0.077623 0.774686 0.751352 0.129729

0.774864 0.683383 0.0775331 0.774864 0.751233 0.129543

0.775041 0.683143 0.0774433 0.775041 0.751113 0.129356

0.775218 0.682903 0.0773535 0.775218 0.750992 0.12917

0.775395 0.682662 0.0772638 0.775395 0.750872 0.128984

0.775572 0.682421 0.0771742 0.775572 0.750751 0.128797

0.775749 0.682179 0.0770847 0.775749 0.750631 0.128611

0.775926 0.681937 0.0769952 0.775926 0.750509 0.128425

0.776104 0.681694 0.0769057 0.776104 0.750388 0.128238

0.776281 0.681451 0.0768164 0.776281 0.750267 0.128052

0.776458 0.681207 0.0767271 0.776458 0.750145 0.127866

0.776635 0.680963 0.0766379 0.776635 0.750023 0.127679

0.776812 0.680719 0.0765487 0.776812 0.7499 0.127493

0.776989 0.680474 0.0764596 0.776989 0.749778 0.127307

0.777166 0.680228 0.0763706 0.777166 0.749655 0.12712

0.777344 0.679982 0.0762817 0.777344 0.749532 0.126934

0.777521 0.679735 0.0761928 0.777521 0.749409 0.126748

0.777698 0.679488 0.0761039 0.777698 0.749285 0.126561

0.777875 0.679241 0.0760152 0.777875 0.749161 0.126375

0.778052 0.678992 0.0759265 0.778052 0.749037 0.126188

0.778229 0.678744 0.0758379 0.778229 0.748913 0.126002

0.778406 0.678495 0.0757493 0.778406 0.748788 0.125816

0.778584 0.678245 0.0756608 0.778584 0.748664 0.125629

0.778761 0.677995 0.0755724 0.778761 0.748538 0.125443

0.778938 0.677744 0.075484 0.778938 0.748413 0.125256

0.779115 0.677493 0.0753957 0.779115 0.748288 0.12507

0.779292 0.677242 0.0753074 0.779292 0.748162 0.124883

0.779469 0.676989 0.0752193 0.779469 0.748036 0.124697

0.779646 0.676737 0.0751312 0.779646 0.747909 0.12451

0.779824 0.676484 0.0750431 0.779824 0.747783 0.124324

0.780001 0.67623 0.0749551 0.780001 0.747656 0.124137

0.780178 0.675976 0.0748672 0.780178 0.747529 0.12395

0.780355 0.675721 0.0747794 0.780355 0.747401 0.123764

0.780532 0.675465 0.0746916 0.780532 0.747274 0.123577

0.780709 0.67521 0.0746039 0.780709 0.747146 0.123391

0.780886 0.674953 0.0745162 0.780886 0.747018 0.123204

0.781064 0.674696 0.0744286 0.781064 0.746889 0.123017

0.781241 0.674439 0.0743411 0.781241 0.74676 0.12283

0.781418 0.674181 0.0742536 0.781418 0.746631 0.122644

0.781595 0.673922 0.0741662 0.781595 0.746502 0.122457

0.781772 0.673663 0.0740789 0.781772 0.746372 0.12227

0.781949 0.673403 0.0739916 0.781949 0.746243 0.122083

0.782126 0.673143 0.0739044 0.782126 0.746113 0.121896

0.782304 0.672882 0.0738173 0.782304 0.745982 0.12171

0.782481 0.672621 0.0737302 0.782481 0.745851 0.121523

0.782658 0.672359 0.0736431 0.782658 0.745721 0.121336

0.782835 0.672097 0.0735562 0.782835 0.745589 0.121149

0.783012 0.671834 0.0734693 0.783012 0.745458 0.120962

0.783189 0.67157 0.0733825 0.783189 0.745326 0.120775

0.783366 0.671306 0.0732957 0.783366 0.745194 0.120588

0.783543 0.671041 0.073209 0.783543 0.745062 0.120401

0.783721 0.670776 0.0731223 0.783721 0.744929 0.120213

0.783898 0.67051 0.0730358 0.783898 0.744796 0.120026

0.784075 0.670243 0.0729492 0.784075 0.744663 0.119839

0.784252 0.669976 0.0728628 0.784252 0.744529 0.119652

0.784429 0.669709 0.0727764 0.784429 0.744395 0.119465

0.784606 0.669441 0.0726901 0.784606 0.744261 0.119277

0.784783 0.669172 0.0726038 0.784783 0.744127 0.11909

0.784961 0.668902 0.0725176 0.784961 0.743992 0.118903

0.785138 0.668632 0.0724314 0.785138 0.743857 0.118715

0.785315 0.668362 0.0723454 0.785315 0.743722 0.118528

0.785492 0.66809 0.0722593 0.785492 0.743586 0.11834

0.785669 0.667819 0.0721734 0.785669 0.74345 0.118153

0.785846 0.667546 0.0720875 0.785846 0.743314 0.117965

0.786023 0.667273 0.0720016 0.786023 0.743177 0.117777

0.786201 0.666999 0.0719159 0.786201 0.743041 0.11759

0.786378 0.666725 0.0718302 0.786378 0.742904 0.117402

0.786555 0.66645 0.0717445 0.786555 0.742766 0.117214

0.786732 0.666175 0.0716589 0.786732 0.742628 0.117026

0.786909 0.665898 0.0715734 0.786909 0.74249 0.116839

0.787086 0.665622 0.0714879 0.787086 0.742352 0.116651

0.787263 0.665344 0.0714025 0.787263 0.742213 0.116463

0.787441 0.665066 0.0713172 0.787441 0.742074 0.116275

0.787618 0.664787 0.0712319 0.787618 0.741935 0.116087

0.787795 0.664508 0.0711466 0.787795 0.741795 0.115898

0.787972 0.664228 0.0710615 0.787972 0.741655 0.11571

0.788149 0.663947 0.0709764 0.788149 0.741515 0.115522

0.788326 0.663666 0.0708913 0.788326 0.741374 0.115334

0.788503 0.663384 0.0708063 0.788503 0.741233 0.115145

0.788681 0.663102 0.0707214 0.788681 0.741092 0.114957

0.788858 0.662818 0.0706366 0.788858 0.74095 0.114769

0.789035 0.662534 0.0705518 0.789035 0.740808 0.11458

0.789212 0.66225 0.070467 0.789212 0.740666 0.114391

0.789389 0.661964 0.0703823 0.789389 0.740523 0.114203

0.789566 0.661678 0.0702977 0.789566 0.74038 0.114014

0.789743 0.661392 0.0702131 0.789743 0.740237 0.113825

0.789921 0.661104 0.0701286 0.789921 0.740093 0.113636

0.790098 0.660816 0.0700442 0.790098 0.739949 0.113448

0.790275 0.660528 0.0699598 0.790275 0.739805 0.113259

0.790452 0.660238 0.0698755 0.790452 0.73966 0.11307

0.790629 0.659948 0.0697912 0.790629 0.739515 0.11288

0.790806 0.659657 0.069707 0.790806 0.73937 0.112691

0.790983 0.659366 0.0696229 0.790983 0.739224 0.112502

0.791161 0.659073 0.0695388 0.791161 0.739078 0.112313

0.791338 0.65878 0.0694547 0.791338 0.738931 0.112123

0.791515 0.658487 0.0693708 0.791515 0.738784 0.111934

0.791692 0.658192 0.0692869 0.791692 0.738637 0.111744

0.791869 0.657897 0.069203 0.791869 0.73849 0.111555

0.792046 0.657601 0.0691192 0.792046 0.738342 0.111365

0.792223 0.657305 0.0690355 0.792223 0.738193 0.111175

0.792401 0.657007 0.0689518 0.792401 0.738045 0.110986

0.792578 0.656709 0.0688682 0.792578 0.737896 0.110796

0.792755 0.65641 0.0687846 0.792755 0.737746 0.110606

0.792932 0.656111 0.0687011 0.792932 0.737596 0.110415

0.793109 0.65581 0.0686177 0.793109 0.737446 0.110225

0.793286 0.655509 0.0685343 0.793286 0.737296 0.110035

0.793463 0.655207 0.068451 0.793463 0.737145 0.109845

0.793641 0.654905 0.0683677 0.793641 0.736993 0.109654

0.793818 0.654601 0.0682845 0.793818 0.736842 0.109464

0.793995 0.654297 0.0682013 0.793995 0.736689 0.109273

0.794172 0.653992 0.0681182 0.794172 0.736537 0.109082

0.794349 0.653686 0.0680352 0.794349 0.736384 0.108892

0.794526 0.65338 0.0679522 0.794526 0.736231 0.108701

0.794703 0.653072 0.0678693 0.794703 0.736077 0.10851

0.794881 0.652764 0.0677864 0.794881 0.735923 0.108319

0.795058 0.652455 0.0677036 0.795058 0.735768 0.108128

0.795235 0.652145 0.0676208 0.795235 0.735614 0.107936

0.795412 0.651835 0.0675381 0.795412 0.735458 0.107745

0.795589 0.651523 0.0674555 0.795589 0.735302 0.107553

0.795766 0.651211 0.0673729 0.795766 0.735146 0.107362

0.795943 0.650898 0.0672904 0.795943 0.73499 0.10717

0.79612 0.650584 0.0672079 0.79612 0.734833 0.106978

0.796298 0.650269 0.0671255 0.796298 0.734675 0.106786

0.796475 0.649953 0.0670432 0.796475 0.734518 0.106594

0.796652 0.649637 0.0669609 0.796652 0.734359 0.106402

0.796829 0.649319 0.0668786 0.796829 0.734201 0.10621

0.797006 0.649001 0.0667964 0.797006 0.734042 0.106018

0.797183 0.648682 0.0667143 0.797183 0.733882 0.105825

0.79736 0.648362 0.0666322 0.79736 0.733722 0.105633

0.797538 0.648041 0.0665502 0.797538 0.733562 0.10544

0.797715 0.647719 0.0664683 0.797715 0.733401 0.105247

0.797892 0.647397 0.0663864 0.797892 0.733239 0.105054

0.798069 0.647073 0.0663045 0.798069 0.733078 0.104861

0.798246 0.646749 0.0662227 0.798246 0.732915 0.104668

0.798423 0.646423 0.066141 0.798423 0.732753 0.104475

0.7986 0.646097 0.0660593 0.7986 0.73259 0.104281

0.798778 0.64577 0.0659777 0.798778 0.732426 0.104088

0.798955 0.645442 0.0658961 0.798955 0.732262 0.103894

0.799132 0.645113 0.0658146 0.799132 0.732097 0.1037

0.799309 0.644783 0.0657331 0.799309 0.731932 0.103506

0.799486 0.644452 0.0656517 0.799486 0.731767 0.103312

0.799663 0.64412 0.0655704 0.799663 0.731601 0.103118

0.79984 0.643787 0.0654891 0.79984 0.731434 0.102923

0.800018 0.643453 0.0654079 0.800018 0.731267 0.102729

0.800195 0.643118 0.0653267 0.800195 0.7311 0.102534

0.800372 0.642782 0.0652455 0.800372 0.730932 0.102339

0.800549 0.642445 0.0651645 0.800549 0.730764 0.102144

0.800726 0.642108 0.0650835 0.800726 0.730595 0.101949

0.800903 0.641769 0.0650025 0.800903 0.730425 0.101754

0.80108 0.641429 0.0649216 0.80108 0.730255 0.101558

0.801258 0.641088 0.0648407 0.801258 0.730085 0.101363

0.801435 0.640746 0.0647599 0.801435 0.729914 0.101167

0.801612 0.640403 0.0646792 0.801612 0.729743 0.100971

0.801789 0.640059 0.0645985 0.801789 0.729571 0.100775

0.801966 0.639714 0.0645179 0.801966 0.729398 0.100579

0.802143 0.639368 0.0644373 0.802143 0.729225 0.100383
