#P_AB   P_AC     delta*    P_AB    P_AC     delta
0.7046 0.739376 0.157234 0.7046 0.772582 0.26171 

0.70477 0.73925 0.157081 0.70477 0.772519 0.261459 

0.704939 0.739125 0.156928 0.704939 0.772457 0.261208 

0.705109 0.738999 0.156775 0.705109 0.772394 0.260958 

0.705278 0.738873 0.156622 0.705278 0.772331 0.260707 

0.705448 0.738747 0.156469 0.705448 0.772268 0.260456 

0.705617 0.738621 0.156316 0.705617 0.772205 0.260206 

0.705787 0.738494 0.156164 0.705787 0.772141 0.259956 

0.705956 0.738368 0.156011 0.705956 0.772078 0.259705 

0.706126 0.738241 0.155859 0.706126 0.772015 0.259455 

0.706296 0.738114 0.155706 0.706296 0.771951 0.259205 

0.706465 0.737987 0.155554 0.706465 0.771888 0.258955 

0.706635 0.737859 0.155402 0.706635 0.771824 0.258705 

0.706804 0.737732 0.155251 0.706804 0.77176 0.258456 

0.706974 0.737604 0.155099 0.706974 0.771696 0.258206 

0.707143 0.737476 0.154947 0.707143 0.771632 0.257957 

0.707313 0.737348 0.154796 0.707313 0.771568 0.257707 

0.707482 0.73722 0.154644 0.707482 0.771504 0.257458 

0.707652 0.737092 0.154493 0.707652 0.77144 0.257208 

0.707822 0.736963 0.154342 0.707822 0.771376 0.256959 

0.707991 0.736835 0.154191 0.707991 0.771311 0.25671 

0.708161 0.736706 0.15404 0.708161 0.771247 0.256461 

0.70833 0.736577 0.153889 0.70833 0.771183 0.256212 

0.7085 0.736447 0.153739 0.7085 0.771118 0.255963 

0.708669 0.736318 0.153588 0.708669 0.771053 0.255715 

0.708839 0.736188 0.153438 0.708839 0.770988 0.255466 

0.709009 0.736059 0.153288 0.709009 0.770924 0.255218 

0.709178 0.735929 0.153137 0.709178 0.770859 0.254969 

0.709348 0.735799 0.152987 0.709348 0.770794 0.254721 

0.709517 0.735668 0.152838 0.709517 0.770728 0.254472 

0.709687 0.735538 0.152688 0.709687 0.770663 0.254224 

0.709856 0.735407 0.152538 0.709856 0.770598 0.253976 

0.710026 0.735276 0.152389 0.710026 0.770532 0.253728 

0.710195 0.735145 0.152239 0.710195 0.770467 0.25348 

0.710365 0.735014 0.15209 0.710365 0.770401 0.253233 

0.710535 0.734883 0.151941 0.710535 0.770336 0.252985 

0.710704 0.734751 0.151792 0.710704 0.77027 0.252737 

0.710874 0.73462 0.151643 0.710874 0.770204 0.25249 

0.711043 0.734488 0.151494 0.711043 0.770138 0.252242 

0.711213 0.734356 0.151345 0.711213 0.770072 0.251995 

0.711382 0.734223 0.151197 0.711382 0.770006 0.251748 

0.711552 0.734091 0.151048 0.711552 0.76994 0.2515 

0.711721 0.733958 0.1509 0.711721 0.769873 0.251253 

0.711891 0.733826 0.150752 0.711891 0.769807 0.251006 

0.712061 0.733693 0.150604 0.712061 0.76974 0.250759 

0.71223 0.733559 0.150456 0.71223 0.769674 0.250513 

0.7124 0.733426 0.150308 0.7124 0.769607 0.250266 

0.712569 0.733293 0.15016 0.712569 0.76954 0.250019 

0.712739 0.733159 0.150012 0.712739 0.769474 0.249773 

0.712908 0.733025 0.149865 0.712908 0.769407 0.249526 

0.713078 0.732891 0.149717 0.713078 0.76934 0.24928 

0.713247 0.732757 0.14957 0.713247 0.769272 0.249034 

0.713417 0.732622 0.149423 0.713417 0.769205 0.248787 

0.713587 0.732487 0.149276 0.713587 0.769138 0.248541 

0.713756 0.732353 0.149129 0.713756 0.76907 0.248295 

0.713926 0.732218 0.148982 0.713926 0.769003 0.248049 

0.714095 0.732082 0.148836 0.714095 0.768935 0.247803 

0.714265 0.731947 0.148689 0.714265 0.768868 0.247558 

0.714434 0.731812 0.148543 0.714434 0.7688 0.247312 

0.714604 0.731676 0.148396 0.714604 0.768732 0.247066 

0.714773 0.73154 0.14825 0.714773 0.768664 0.246821 

0.714943 0.731404 0.148104 0.714943 0.768596 0.246575 

0.715113 0.731267 0.147958 0.715113 0.768528 0.24633 

0.715282 0.731131 0.147812 0.715282 0.76846 0.246085 

0.715452 0.730994 0.147666 0.715452 0.768391 0.24584 

0.715621 0.730857 0.147521 0.715621 0.768323 0.245594 

0.715791 0.73072 0.147375 0.715791 0.768254 0.245349 

0.71596 0.730583 0.14723 0.71596 0.768186 0.245104 

0.71613 0.730446 0.147084 0.71613 0.768117 0.24486 

0.7163 0.730308 0.146939 0.7163 0.768048 0.244615 

0.716469 0.73017 0.146794 0.716469 0.767979 0.24437 

0.716639 0.730032 0.146649 0.716639 0.76791 0.244126 

0.716808 0.729894 0.146504 0.716808 0.767841 0.243881 

0.716978 0.729755 0.14636 0.716978 0.767772 0.243637 

0.717147 0.729617 0.146215 0.717147 0.767703 0.243392 

0.717317 0.729478 0.146071 0.717317 0.767633 0.243148 

0.717486 0.729339 0.145926 0.717486 0.767564 0.242904 

0.717656 0.7292 0.145782 0.717656 0.767494 0.24266 

0.717826 0.729061 0.145638 0.717826 0.767424 0.242416 

0.717995 0.728921 0.145494 0.717995 0.767355 0.242172 

0.718165 0.728781 0.14535 0.718165 0.767285 0.241928 

0.718334 0.728641 0.145206 0.718334 0.767215 0.241684 

0.718504 0.728501 0.145062 0.718504 0.767145 0.24144 

0.718673 0.728361 0.144919 0.718673 0.767075 0.241197 

0.718843 0.72822 0.144775 0.718843 0.767004 0.240953 

0.719012 0.72808 0.144632 0.719012 0.766934 0.24071 

0.719182 0.727939 0.144489 0.719182 0.766864 0.240466 

0.719352 0.727798 0.144345 0.719352 0.766793 0.240223 

0.719521 0.727656 0.144202 0.719521 0.766722 0.23998 

0.719691 0.727515 0.14406 0.719691 0.766652 0.239737 

0.71986 0.727373 0.143917 0.71986 0.766581 0.239494 

0.72003 0.727231 0.143774 0.72003 0.76651 0.239251 

0.720199 0.727089 0.143631 0.720199 0.766439 0.239008 

0.720369 0.726947 0.143489 0.720369 0.766368 0.238765 

0.720538 0.726804 0.143347 0.720538 0.766296 0.238522 

0.720708 0.726662 0.143204 0.720708 0.766225 0.238279 

0.720878 0.726519 0.143062 0.720878 0.766154 0.238037 

0.721047 0.726376 0.14292 0.721047 0.766082 0.237794 

0.721217 0.726232 0.142778 0.721217 0.76601 0.237552 

0.721386 0.726089 0.142637 0.721386 0.765939 0.237309 

0.721556 0.725945 0.142495 0.721556 0.765867 0.237067 

0.721725 0.725801 0.142353 0.721725 0.765795 0.236825 

0.721895 0.725657 0.142212 0.721895 0.765723 0.236583 

0.722064 0.725513 0.14207 0.722064 0.765651 0.236341 

0.722234 0.725368 0.141929 0.722234 0.765578 0.236099 

0.722404 0.725224 0.141788 0.722404 0.765506 0.235857 

0.722573 0.725079 0.141647 0.722573 0.765433 0.235615 

0.722743 0.724934 0.141506 0.722743 0.765361 0.235373 

0.722912 0.724788 0.141365 0.722912 0.765288 0.235132 

0.723082 0.724643 0.141225 0.723082 0.765215 0.23489 

0.723251 0.724497 0.141084 0.723251 0.765143 0.234648 

0.723421 0.724351 0.140943 0.723421 0.76507 0.234407 

0.72359 0.724205 0.140803 0.72359 0.764997 0.234165 

0.72376 0.724058 0.140663 0.72376 0.764923 0.233924 

0.72393 0.723912 0.140523 0.72393 0.76485 0.233683 

0.724099 0.723765 0.140383 0.724099 0.764777 0.233442 

0.724269 0.723618 0.140243 0.724269 0.764703 0.233201 

0.724438 0.723471 0.140103 0.724438 0.76463 0.23296 

0.724608 0.723324 0.139963 0.724608 0.764556 0.232719 

0.724777 0.723176 0.139823 0.724777 0.764482 0.232478 

0.724947 0.723028 0.139684 0.724947 0.764408 0.232237 

0.725117 0.72288 0.139545 0.725117 0.764334 0.231996 

0.725286 0.722732 0.139405 0.725286 0.76426 0.231755 

0.725456 0.722584 0.139266 0.725456 0.764186 0.231515 

0.725625 0.722435 0.139127 0.725625 0.764112 0.231274 

0.725795 0.722286 0.138988 0.725795 0.764037 0.231034 

0.725964 0.722137 0.138849 0.725964 0.763963 0.230793 

0.726134 0.721988 0.13871 0.726134 0.763888 0.230553 

0.726303 0.721838 0.138572 0.726303 0.763813 0.230313 

0.726473 0.721688 0.138433 0.726473 0.763738 0.230073 

0.726643 0.721539 0.138295 0.726643 0.763663 0.229833 

0.726812 0.721388 0.138156 0.726812 0.763588 0.229592 

0.726982 0.721238 0.138018 0.726982 0.763513 0.229352 

0.727151 0.721087 0.13788 0.727151 0.763438 0.229113 

0.727321 0.720937 0.137742 0.727321 0.763363 0.228873 

0.72749 0.720786 0.137604 0.72749 0.763287 0.228633 

0.72766 0.720634 0.137466 0.72766 0.763211 0.228393 

0.727829 0.720483 0.137328 0.727829 0.763136 0.228154 

0.727999 0.720331 0.137191 0.727999 0.76306 0.227914 

0.728169 0.72018 0.137053 0.728169 0.762984 0.227674 

0.728338 0.720027 0.136916 0.728338 0.762908 0.227435 

0.728508 0.719875 0.136779 0.728508 0.762832 0.227196 

0.728677 0.719723 0.136641 0.728677 0.762755 0.226956 

0.728847 0.71957 0.136504 0.728847 0.762679 0.226717 

0.729016 0.719417 0.136367 0.729016 0.762603 0.226478 

0.729186 0.719264 0.136231 0.729186 0.762526 0.226239 

0.729355 0.71911 0.136094 0.729355 0.762449 0.226 

0.729525 0.718957 0.135957 0.729525 0.762373 0.225761 

0.729695 0.718803 0.135821 0.729695 0.762296 0.225522 

0.729864 0.718649 0.135684 0.729864 0.762219 0.225283 

0.730034 0.718495 0.135548 0.730034 0.762141 0.225044 

0.730203 0.71834 0.135411 0.730203 0.762064 0.224805 

0.730373 0.718185 0.135275 0.730373 0.761987 0.224567 

0.730542 0.71803 0.135139 0.730542 0.761909 0.224328 

0.730712 0.717875 0.135003 0.730712 0.761832 0.22409 

0.730881 0.71772 0.134867 0.730881 0.761754 0.223851 

0.731051 0.717564 0.134732 0.731051 0.761676 0.223613 

0.731221 0.717408 0.134596 0.731221 0.761598 0.223374 

0.73139 0.717252 0.134461 0.73139 0.76152 0.223136 

0.73156 0.717096 0.134325 0.73156 0.761442 0.222898 

0.731729 0.716939 0.13419 0.731729 0.761364 0.22266 

0.731899 0.716783 0.134055 0.731899 0.761285 0.222422 

0.732068 0.716626 0.133919 0.732068 0.761207 0.222183 

0.732238 0.716468 0.133784 0.732238 0.761128 0.221946 

0.732408 0.716311 0.133649 0.732408 0.76105 0.221708 

0.732577 0.716153 0.133515 0.732577 0.760971 0.22147 

0.732747 0.715995 0.13338 0.732747 0.760892 0.221232 

0.732916 0.715837 0.133245 0.732916 0.760813 0.220994 

0.733086 0.715679 0.133111 0.733086 0.760734 0.220756 

0.733255 0.71552 0.132976 0.733255 0.760654 0.220519 

0.733425 0.715361 0.132842 0.733425 0.760575 0.220281 

0.733594 0.715202 0.132708 0.733594 0.760495 0.220044 

0.733764 0.715043 0.132574 0.733764 0.760416 0.219806 

0.733934 0.714884 0.13244 0.733934 0.760336 0.219569 

0.734103 0.714724 0.132306 0.734103 0.760256 0.219332 

0.734273 0.714564 0.132172 0.734273 0.760176 0.219094 

0.734442 0.714404 0.132038 0.734442 0.760096 0.218857 

0.734612 0.714243 0.131905 0.734612 0.760016 0.21862 

0.734781 0.714082 0.131771 0.734781 0.759935 0.218383 

0.734951 0.713921 0.131638 0.734951 0.759855 0.218146 

0.73512 0.71376 0.131504 0.73512 0.759774 0.217909 

0.73529 0.713599 0.131371 0.73529 0.759694 0.217672 

0.73546 0.713437 0.131238 0.73546 0.759613 0.217435 

0.735629 0.713275 0.131105 0.735629 0.759532 0.217198 

0.735799 0.713113 0.130972 0.735799 0.759451 0.216961 

0.735968 0.712951 0.130839 0.735968 0.75937 0.216725 

0.736138 0.712788 0.130706 0.736138 0.759288 0.216488 

0.736307 0.712625 0.130574 0.736307 0.759207 0.216251 

0.736477 0.712462 0.130441 0.736477 0.759125 0.216015 

0.736646 0.712299 0.130309 0.736646 0.759044 0.215778 

0.736816 0.712135 0.130177 0.736816 0.758962 0.215542 

0.736986 0.711971 0.130044 0.736986 0.75888 0.215305 

0.737155 0.711807 0.129912 0.737155 0.758798 0.215069 

0.737325 0.711643 0.12978 0.737325 0.758716 0.214833 

0.737494 0.711478 0.129648 0.737494 0.758633 0.214596 

0.737664 0.711314 0.129516 0.737664 0.758551 0.21436 

0.737833 0.711148 0.129385 0.737833 0.758468 0.214124 

0.738003 0.710983 0.129253 0.738003 0.758386 0.213888 

0.738172 0.710818 0.129121 0.738172 0.758303 0.213652 

0.738342 0.710652 0.12899 0.738342 0.75822 0.213416 

0.738512 0.710486 0.128859 0.738512 0.758137 0.21318 

0.738681 0.710319 0.128727 0.738681 0.758054 0.212944 

0.738851 0.710153 0.128596 0.738851 0.757971 0.212708 

0.73902 0.709986 0.128465 0.73902 0.757887 0.212472 

0.73919 0.709819 0.128334 0.73919 0.757804 0.212237 

0.739359 0.709652 0.128203 0.739359 0.75772 0.212001 

0.739529 0.709484 0.128072 0.739529 0.757636 0.211765 

0.739699 0.709316 0.127942 0.739699 0.757552 0.21153 

0.739868 0.709148 0.127811 0.739868 0.757468 0.211294 

0.740038 0.70898 0.127681 0.740038 0.757384 0.211059 

0.740207 0.708811 0.12755 0.740207 0.7573 0.210823 

0.740377 0.708643 0.12742 0.740377 0.757215 0.210588 

0.740546 0.708474 0.12729 0.740546 0.757131 0.210352 

0.740716 0.708304 0.12716 0.740716 0.757046 0.210117 

0.740885 0.708135 0.12703 0.740885 0.756961 0.209882 

0.741055 0.707965 0.1269 0.741055 0.756877 0.209647 

0.741225 0.707795 0.12677 0.741225 0.756791 0.209411 

0.741394 0.707624 0.12664 0.741394 0.756706 0.209176 

0.741564 0.707454 0.12651 0.741564 0.756621 0.208941 

0.741733 0.707283 0.126381 0.741733 0.756536 0.208706 

0.741903 0.707112 0.126251 0.741903 0.75645 0.208471 

0.742072 0.70694 0.126122 0.742072 0.756364 0.208236 

0.742242 0.706768 0.125993 0.742242 0.756278 0.208001 

0.742411 0.706597 0.125864 0.742411 0.756192 0.207766 

0.742581 0.706424 0.125734 0.742581 0.756106 0.207532 

0.742751 0.706252 0.125606 0.742751 0.75602 0.207297 

0.74292 0.706079 0.125477 0.74292 0.755934 0.207062 

0.74309 0.705906 0.125348 0.74309 0.755847 0.206827 

0.743259 0.705733 0.125219 0.743259 0.755761 0.206593 

0.743429 0.705559 0.125091 0.743429 0.755674 0.206358 

0.743598 0.705386 0.124962 0.743598 0.755587 0.206124 

0.743768 0.705211 0.124834 0.743768 0.7555 0.205889 

0.743937 0.705037 0.124705 0.743937 0.755413 0.205654 

0.744107 0.704862 0.124577 0.744107 0.755325 0.20542 

0.744277 0.704688 0.124449 0.744277 0.755238 0.205186 

0.744446 0.704512 0.124321 0.744446 0.75515 0.204951 

0.744616 0.704337 0.124193 0.744616 0.755063 0.204717 

0.744785 0.704161 0.124065 0.744785 0.754975 0.204483 

0.744955 0.703985 0.123937 0.744955 0.754887 0.204248 

0.745124 0.703809 0.123809 0.745124 0.754799 0.204014 

0.745294 0.703633 0.123682 0.745294 0.75471 0.20378 

0.745463 0.703456 0.123554 0.745463 0.754622 0.203546 

0.745633 0.703279 0.123427 0.745633 0.754534 0.203312 

0.745803 0.703101 0.1233 0.745803 0.754445 0.203078 

0.745972 0.702924 0.123172 0.745972 0.754356 0.202844 

0.746142 0.702746 0.123045 0.746142 0.754267 0.20261 

0.746311 0.702568 0.122918 0.746311 0.754178 0.202376 

0.746481 0.702389 0.122791 0.746481 0.754089 0.202142 

0.74665 0.702211 0.122664 0.74665 0.753999 0.201908 

0.74682 0.702031 0.122538 0.74682 0.75391 0.201674 

0.746989 0.701852 0.122411 0.746989 0.75382 0.20144 

0.747159 0.701673 0.122284 0.747159 0.75373 0.201206 

0.747329 0.701493 0.122158 0.747329 0.753641 0.200972 

0.747498 0.701313 0.122031 0.747498 0.75355 0.200739 

0.747668 0.701132 0.121905 0.747668 0.75346 0.200505 

0.747837 0.700951 0.121779 0.747837 0.75337 0.200271 

0.748007 0.70077 0.121653 0.748007 0.753279 0.200038 

0.748176 0.700589 0.121527 0.748176 0.753189 0.199804 

0.748346 0.700408 0.121401 0.748346 0.753098 0.199571 

0.748516 0.700226 0.121275 0.748516 0.753007 0.199337 

0.748685 0.700043 0.121149 0.748685 0.752916 0.199104 

0.748855 0.699861 0.121023 0.748855 0.752825 0.19887 

0.749024 0.699678 0.120898 0.749024 0.752733 0.198637 

0.749194 0.699495 0.120772 0.749194 0.752642 0.198403 

0.749363 0.699312 0.120647 0.749363 0.75255 0.19817 

0.749533 0.699128 0.120522 0.749533 0.752458 0.197936 

0.749702 0.698944 0.120396 0.749702 0.752366 0.197703 

0.749872 0.69876 0.120271 0.749872 0.752274 0.19747 

0.750042 0.698576 0.120146 0.750042 0.752182 0.197237 

0.750211 0.698391 0.120021 0.750211 0.75209 0.197003 

0.750381 0.698206 0.119896 0.750381 0.751997 0.19677 

0.75055 0.69802 0.119771 0.75055 0.751904 0.196537 

0.75072 0.697835 0.119647 0.75072 0.751811 0.196304 

0.750889 0.697649 0.119522 0.750889 0.751718 0.196071 

0.751059 0.697462 0.119398 0.751059 0.751625 0.195837 

0.751228 0.697276 0.119273 0.751228 0.751532 0.195604 

0.751398 0.697089 0.119149 0.751398 0.751439 0.195371 

0.751568 0.696902 0.119024 0.751568 0.751345 0.195138 

0.751737 0.696714 0.1189 0.751737 0.751251 0.194905 

0.751907 0.696526 0.118776 0.751907 0.751157 0.194672 

0.752076 0.696338 0.118652 0.752076 0.751063 0.194439 

0.752246 0.69615 0.118528 0.752246 0.750969 0.194206 

0.752415 0.695961 0.118404 0.752415 0.750875 0.193973 

0.752585 0.695772 0.118281 0.752585 0.75078 0.19374 

0.752754 0.695583 0.118157 0.752754 0.750685 0.193508 

0.752924 0.695393 0.118033 0.752924 0.750591 0.193275 

0.753094 0.695203 0.11791 0.753094 0.750496 0.193042 

0.753263 0.695013 0.117786 0.753263 0.7504 0.192809 

0.753433 0.694822 0.117663 0.753433 0.750305 0.192576 

0.753602 0.694631 0.11754 0.753602 0.75021 0.192344 

0.753772 0.69444 0.117417 0.753772 0.750114 0.192111 

0.753941 0.694248 0.117294 0.753941 0.750018 0.191878 

0.754111 0.694056 0.117171 0.754111 0.749922 0.191645 

0.75428 0.693864 0.117048 0.75428 0.749826 0.191413 

0.75445 0.693672 0.116925 0.75445 0.74973 0.19118 

0.75462 0.693479 0.116802 0.75462 0.749634 0.190947 

0.754789 0.693286 0.11668 0.754789 0.749537 0.190715 

0.754959 0.693092 0.116557 0.754959 0.74944 0.190482 

0.755128 0.692898 0.116435 0.755128 0.749343 0.190249 

0.755298 0.692704 0.116312 0.755298 0.749246 0.190017 

0.755467 0.69251 0.11619 0.755467 0.749149 0.189784 

0.755637 0.692315 0.116068 0.755637 0.749052 0.189552 

0.755807 0.69212 0.115946 0.755807 0.748954 0.189319 

0.755976 0.691924 0.115824 0.755976 0.748856 0.189086 

0.756146 0.691729 0.115702 0.756146 0.748759 0.188854 

0.756315 0.691533 0.11558 0.756315 0.74866 0.188621 

0.756485 0.691336 0.115458 0.756485 0.748562 0.188389 

0.756654 0.691139 0.115336 0.756654 0.748464 0.188156 

0.756824 0.690942 0.115215 0.756824 0.748365 0.187924 

0.756993 0.690745 0.115093 0.756993 0.748267 0.187691 

0.757163 0.690547 0.114972 0.757163 0.748168 0.187459 

0.757333 0.690349 0.11485 0.757333 0.748069 0.187226 

0.757502 0.690151 0.114729 0.757502 0.74797 0.186994 

0.757672 0.689952 0.114608 0.757672 0.74787 0.186762 

0.757841 0.689753 0.114487 0.757841 0.747771 0.186529 

0.758011 0.689553 0.114366 0.758011 0.747671 0.186297 

0.75818 0.689354 0.114245 0.75818 0.747571 0.186064 

0.75835 0.689153 0.114124 0.75835 0.747471 0.185832 

0.758519 0.688953 0.114003 0.758519 0.747371 0.1856 

0.758689 0.688752 0.113882 0.758689 0.74727 0.185367 

0.758859 0.688551 0.113762 0.758859 0.74717 0.185135 

0.759028 0.68835 0.113641 0.759028 0.747069 0.184902 

0.759198 0.688148 0.113521 0.759198 0.746968 0.18467 

0.759367 0.687945 0.1134 0.759367 0.746867 0.184438 

0.759537 0.687743 0.11328 0.759537 0.746766 0.184205 

0.759706 0.68754 0.11316 0.759706 0.746664 0.183973 

0.759876 0.687337 0.11304 0.759876 0.746563 0.183741 

0.760045 0.687133 0.11292 0.760045 0.746461 0.183508 

0.760215 0.686929 0.1128 0.760215 0.746359 0.183276 

0.760385 0.686725 0.11268 0.760385 0.746257 0.183044 

0.760554 0.68652 0.11256 0.760554 0.746154 0.182811 

0.760724 0.686315 0.11244 0.760724 0.746052 0.182579 

0.760893 0.68611 0.112321 0.760893 0.745949 0.182347 

0.761063 0.685904 0.112201 0.761063 0.745846 0.182114 

0.761232 0.685698 0.112082 0.761232 0.745743 0.181882 

0.761402 0.685491 0.111962 0.761402 0.74564 0.18165 

0.761571 0.685285 0.111843 0.761571 0.745536 0.181417 

0.761741 0.685077 0.111724 0.761741 0.745433 0.181185 

0.761911 0.68487 0.111605 0.761911 0.745329 0.180952 

0.76208 0.684662 0.111486 0.76208 0.745225 0.18072 

0.76225 0.684453 0.111367 0.76225 0.745121 0.180488 

0.762419 0.684245 0.111248 0.762419 0.745017 0.180255 

0.762589 0.684036 0.111129 0.762589 0.744912 0.180023 

0.762758 0.683826 0.11101 0.762758 0.744807 0.179791 

0.762928 0.683616 0.110892 0.762928 0.744702 0.179558 

0.763098 0.683406 0.110773 0.763098 0.744597 0.179326 

0.763267 0.683196 0.110655 0.763267 0.744492 0.179094 

0.763437 0.682985 0.110536 0.763437 0.744387 0.178861 

0.763606 0.682773 0.110418 0.763606 0.744281 0.178629 

0.763776 0.682562 0.1103 0.763776 0.744175 0.178396 

0.763945 0.68235 0.110181 0.763945 0.744069 0.178164 

0.764115 0.682137 0.110063 0.764115 0.743963 0.177931 

0.764284 0.681924 0.109945 0.764284 0.743856 0.177699 

0.764454 0.681711 0.109827 0.764454 0.74375 0.177467 

0.764624 0.681498 0.109709 0.764624 0.743643 0.177234 

0.764793 0.681284 0.109592 0.764793 0.743536 0.177002 

0.764963 0.681069 0.109474 0.764963 0.743429 0.176769 

0.765132 0.680854 0.109356 0.765132 0.743321 0.176537 

0.765302 0.680639 0.109239 0.765302 0.743214 0.176304 

0.765471 0.680424 0.109121 0.765471 0.743106 0.176072 

0.765641 0.680208 0.109004 0.765641 0.742998 0.175839 

0.76581 0.679991 0.108887 0.76581 0.74289 0.175606 

0.76598 0.679774 0.108769 0.76598 0.742781 0.175374 

0.76615 0.679557 0.108652 0.76615 0.742673 0.175141 

0.766319 0.67934 0.108535 0.766319 0.742564 0.174909 

0.766489 0.679122 0.108418 0.766489 0.742455 0.174676 

0.766658 0.678903 0.108301 0.766658 0.742346 0.174443 

0.766828 0.678685 0.108184 0.766828 0.742236 0.174211 

0.766997 0.678465 0.108068 0.766997 0.742127 0.173978 

0.767167 0.678246 0.107951 0.767167 0.742017 0.173745 

0.767336 0.678026 0.107834 0.767336 0.741907 0.173513 

0.767506 0.677805 0.107718 0.767506 0.741797 0.17328 

0.767676 0.677584 0.107601 0.767676 0.741686 0.173047 

0.767845 0.677363 0.107485 0.767845 0.741576 0.172814 

0.768015 0.677142 0.107369 0.768015 0.741465 0.172582 

0.768184 0.676919 0.107253 0.768184 0.741354 0.172349 

0.768354 0.676697 0.107136 0.768354 0.741243 0.172116 

0.768523 0.676474 0.10702 0.768523 0.741131 0.171883 

0.768693 0.676251 0.106904 0.768693 0.741019 0.17165 

0.768862 0.676027 0.106789 0.768862 0.740908 0.171417 

0.769032 0.675803 0.106673 0.769032 0.740795 0.171184 

0.769202 0.675578 0.106557 0.769202 0.740683 0.170951 

0.769371 0.675353 0.106441 0.769371 0.740571 0.170718 

0.769541 0.675127 0.106326 0.769541 0.740458 0.170485 

0.76971 0.674902 0.10621 0.76971 0.740345 0.170252 

0.76988 0.674675 0.106095 0.76988 0.740232 0.170019 

0.770049 0.674448 0.105979 0.770049 0.740118 0.169786 

0.770219 0.674221 0.105864 0.770219 0.740005 0.169553 

0.770388 0.673993 0.105749 0.770388 0.739891 0.16932 

0.770558 0.673765 0.105634 0.770558 0.739777 0.169086 

0.770728 0.673537 0.105519 0.770728 0.739663 0.168853 

0.770897 0.673308 0.105404 0.770897 0.739548 0.16862 

0.771067 0.673078 0.105289 0.771067 0.739433 0.168387 

0.771236 0.672848 0.105174 0.771236 0.739318 0.168153 

0.771406 0.672618 0.105059 0.771406 0.739203 0.16792 

0.771575 0.672387 0.104944 0.771575 0.739088 0.167686 

0.771745 0.672156 0.10483 0.771745 0.738972 0.167453 

0.771915 0.671924 0.104715 0.771915 0.738856 0.167219 

0.772084 0.671692 0.104601 0.772084 0.73874 0.166986 

0.772254 0.671459 0.104486 0.772254 0.738624 0.166752 

0.772423 0.671226 0.104372 0.772423 0.738507 0.166519 

0.772593 0.670993 0.104258 0.772593 0.738391 0.166285 

0.772762 0.670759 0.104144 0.772762 0.738274 0.166051 

0.772932 0.670524 0.10403 0.772932 0.738156 0.165817 

0.773101 0.670289 0.103916 0.773101 0.738039 0.165584 

0.773271 0.670054 0.103802 0.773271 0.737921 0.16535 

0.773441 0.669818 0.103688 0.773441 0.737803 0.165116 

0.77361 0.669582 0.103574 0.77361 0.737685 0.164882 

0.77378 0.669345 0.10346 0.77378 0.737567 0.164648 

0.773949 0.669107 0.103347 0.773949 0.737448 0.164414 

0.774119 0.66887 0.103233 0.774119 0.737329 0.16418 

0.774288 0.668631 0.10312 0.774288 0.73721 0.163946 

0.774458 0.668393 0.103006 0.774458 0.73709 0.163712 

0.774627 0.668153 0.102893 0.774627 0.736971 0.163477 

0.774797 0.667914 0.10278 0.774797 0.736851 0.163243 

0.774967 0.667673 0.102666 0.774967 0.736731 0.163009 

0.775136 0.667433 0.102553 0.775136 0.73661 0.162774 

0.775306 0.667191 0.10244 0.775306 0.73649 0.16254 

0.775475 0.66695 0.102327 0.775475 0.736369 0.162305 

0.775645 0.666707 0.102214 0.775645 0.736248 0.162071 

0.775814 0.666465 0.102101 0.775814 0.736126 0.161836 

0.775984 0.666221 0.101989 0.775984 0.736005 0.161602 

0.776153 0.665978 0.101876 0.776153 0.735883 0.161367 

0.776323 0.665733 0.101763 0.776323 0.735761 0.161132 

0.776493 0.665489 0.101651 0.776493 0.735638 0.160897 

0.776662 0.665243 0.101538 0.776662 0.735516 0.160662 

0.776832 0.664998 0.101426 0.776832 0.735393 0.160428 

0.777001 0.664751 0.101314 0.777001 0.73527 0.160193 

0.777171 0.664504 0.101201 0.777171 0.735146 0.159957 

0.77734 0.664257 0.101089 0.77734 0.735023 0.159722 

0.77751 0.664009 0.100977 0.77751 0.734899 0.159487 

0.777679 0.663761 0.100865 0.777679 0.734775 0.159252 

0.777849 0.663512 0.100753 0.777849 0.73465 0.159016 

0.778019 0.663262 0.100641 0.778019 0.734525 0.158781 

0.778188 0.663012 0.100529 0.778188 0.7344 0.158546 

0.778358 0.662762 0.100418 0.778358 0.734275 0.15831 

0.778527 0.662511 0.100306 0.778527 0.73415 0.158074 

0.778697 0.662259 0.100194 0.778697 0.734024 0.157839 

0.778866 0.662007 0.100083 0.778866 0.733898 0.157603 

0.779036 0.661754 0.0999714 0.779036 0.733771 0.157367 

0.779206 0.661501 0.09986 0.779206 0.733645 0.157131 

0.779375 0.661247 0.0997487 0.779375 0.733518 0.156895 

0.779545 0.660993 0.0996375 0.779545 0.733391 0.156659 

0.779714 0.660738 0.0995263 0.779714 0.733263 0.156423 

0.779884 0.660483 0.0994152 0.779884 0.733135 0.156187 

0.780053 0.660226 0.0993041 0.780053 0.733007 0.155951 

0.780223 0.65997 0.0991932 0.780223 0.732879 0.155714 

0.780392 0.659713 0.0990823 0.780392 0.732751 0.155478 

0.780562 0.659455 0.0989715 0.780562 0.732622 0.155241 

0.780732 0.659197 0.0988607 0.780732 0.732492 0.155005 

0.780901 0.658938 0.09875 0.780901 0.732363 0.154768 

0.781071 0.658678 0.0986394 0.781071 0.732233 0.154531 

0.78124 0.658418 0.0985289 0.78124 0.732103 0.154294 

0.78141 0.658158 0.0984184 0.78141 0.731973 0.154057 

0.781579 0.657896 0.098308 0.781579 0.731842 0.15382 

0.781749 0.657634 0.0981977 0.781749 0.731711 0.153583 

0.781918 0.657372 0.0980874 0.781918 0.73158 0.153346 

0.782088 0.657109 0.0979772 0.782088 0.731449 0.153108 

0.782258 0.656845 0.0978671 0.782258 0.731317 0.152871 

0.782427 0.656581 0.0977571 0.782427 0.731185 0.152633 

0.782597 0.656316 0.0976471 0.782597 0.731052 0.152396 

0.782766 0.656051 0.0975372 0.782766 0.73092 0.152158 

0.782936 0.655785 0.0974273 0.782936 0.730787 0.15192 

0.783105 0.655518 0.0973175 0.783105 0.730653 0.151682 

0.783275 0.655251 0.0972078 0.783275 0.73052 0.151444 

0.783444 0.654983 0.0970982 0.783444 0.730386 0.151206 

0.783614 0.654715 0.0969886 0.783614 0.730251 0.150968 

0.783784 0.654445 0.0968791 0.783784 0.730117 0.15073 

0.783953 0.654176 0.0967697 0.783953 0.729982 0.150491 

0.784123 0.653905 0.0966603 0.784123 0.729847 0.150253 

0.784292 0.653634 0.096551 0.784292 0.729711 0.150014 

0.784462 0.653363 0.0964418 0.784462 0.729575 0.149775 

0.784631 0.65309 0.0963327 0.784631 0.729439 0.149537 

0.784801 0.652817 0.0962236 0.784801 0.729303 0.149298 

0.78497 0.652544 0.0961146 0.78497 0.729166 0.149059 

0.78514 0.652269 0.0960056 0.78514 0.729029 0.148819 

0.78531 0.651994 0.0958967 0.78531 0.728891 0.14858 

0.785479 0.651719 0.0957879 0.785479 0.728754 0.148341 

0.785649 0.651442 0.0956792 0.785649 0.728615 0.148101 

0.785818 0.651166 0.0955705 0.785818 0.728477 0.147861 

0.785988 0.650888 0.0954619 0.785988 0.728338 0.147622 

0.786157 0.65061 0.0953533 0.786157 0.728199 0.147382 

0.786327 0.650331 0.0952449 0.786327 0.728059 0.147142 

0.786497 0.650051 0.0951365 0.786497 0.72792 0.146902 

0.786666 0.649771 0.0950281 0.786666 0.727779 0.146661 

0.786836 0.64949 0.0949199 0.786836 0.727639 0.146421 

0.787005 0.649208 0.0948116 0.787005 0.727498 0.14618 

0.787175 0.648925 0.0947035 0.787175 0.727357 0.14594 

0.787344 0.648642 0.0945954 0.787344 0.727215 0.145699 

0.787514 0.648358 0.0944874 0.787514 0.727073 0.145458 

0.787683 0.648074 0.0943795 0.787683 0.726931 0.145217 

0.787853 0.647789 0.0942716 0.787853 0.726788 0.144976 

0.788023 0.647503 0.0941638 0.788023 0.726645 0.144734 

0.788192 0.647216 0.0940561 0.788192 0.726502 0.144493 

0.788362 0.646928 0.0939484 0.788362 0.726358 0.144251 

0.788531 0.64664 0.0938408 0.788531 0.726214 0.144009 

0.788701 0.646351 0.0937333 0.788701 0.72607 0.143767 

0.78887 0.646062 0.0936258 0.78887 0.725925 0.143525 

0.78904 0.645771 0.0935184 0.78904 0.72578 0.143283 

0.789209 0.64548 0.0934111 0.789209 0.725634 0.143041 
